x=[180; 220; 260];




x1(3)=-x(3)+(x(2));
x1(2)=x(2)+(x(3));
x1(1)=x(1)+(x1(2));  


x2(1)=x1(1);
x2(2)=-1.5*x1(2);
x2(3)=x1(3)*1i*-((3/4)^(.5));


x3(3)=-x2(3)+(x2(2)+(x2(1)));
x3(2)=x2(3)+(x2(2)+(x2(1)));
x3(1)=x2(1);



